                            00            0
                          007700        00700
                         07777770     00777770
                        0777777770   0777777770
                        0777777770  07777777770
                        0777777770  07777777770
                        0777777770  0777777770
                         077777770  0777777770
                          0777777000077777770
                        0007777777777777777000
                      00777777777000077777777700
                    007777777777707770777777777700
                   00777777777777000077777777777770
                   077777777777777777777777777777770
                   077777077777777777777777077777770
                   07777707777777777777777707777770
                    0777777777777070777777777777770
                     07777777777770777777777777700
                      00007777777070777777777000
                       001101100000000000110110
                      011111110001070100011111100
                     01101111111111111111111110110
                    0777011111111111111111111100070
                     00011111111111111111111110070
                        00111111111111111111100
                           000000000000000000
                           0777777770777777700
                           000000000000000000
